	 1 1 1 0 0 11 6.535 2212 0.938272 0
1 0 1 11 0 0 0.00617808 -0.016376 3.20971 3.20976 0.000510999 0 0 -5.34186
   	 1 1 1 0 0 11 6.535 2212 0.938272 0
1 0 1 11 0 0 0.00617808 -0.016376 3.20971 3.20976 0.000510999 0 0 -5.34186
     1 1 1 0 0 11 6.535 2212 0.938272 0
1 0 1 11 0 0 0.00617808 -0.016376 3.20971 3.20976 0.000510999 0 0 -5.34186
	 1 1 1 0 0 11 6.535 2212 0.938272 0
1 0 1 11 0 0 0.00617808 -0.016376 3.20971 3.20976 0.000510999 0 0 -5.34186
   	 1 1 1 0 0 11 6.535 2212 0.938272 0
1 0 1 11 0 0 0.00617808 -0.016376 3.20971 3.20976 0.000510999 0 0 -5.34186
