1.569367088607594773e+00
1.589487179487179436e+00
1.610129870129870078e+00
1.631315789473684053e+00
1.653066666666666684e+00
1.675405405405405279e+00
1.698356164383561628e+00
1.721944444444444278e+00
1.746197183098591399e+00
1.771142857142857130e+00
1.796811594202898377e+00
1.823235294117647065e+00
1.850447761194029761e+00
1.878484848484848424e+00
1.907384615384615234e+00
1.937187499999999840e+00
1.967936507936507873e+00
1.999677419354838559e+00
2.032459016393442397e+00
2.066333333333333133e+00
2.101355932203389898e+00
2.137586206896551655e+00
2.175087719298245403e+00
2.213928571428571246e+00
2.254181818181818286e+00
2.295925925925925704e+00
2.339245283018867916e+00
2.384230769230768932e+00
2.430980392156862457e+00
2.479600000000000026e+00
2.530204081632652979e+00
2.582916666666666750e+00
2.637872340425531981e+00
2.695217391304347565e+00
2.755111111111110844e+00
2.817727272727272414e+00
2.883255813953488289e+00
2.951904761904761809e+00
3.023902439024390265e+00
3.099499999999999922e+00
3.178974358974358871e+00
3.262631578947368105e+00
3.350810810810810558e+00
3.443888888888888555e+00
3.542285714285714260e+00
3.646470588235294130e+00
3.756969696969696848e+00
3.874374999999999680e+00
3.999354838709677118e+00
4.132666666666666266e+00
4.275172413793103310e+00
4.427857142857142492e+00
4.591851851851851407e+00
4.768461538461537863e+00
4.959200000000000053e+00
