7.762874964152901569e-01
7.814765957790390516e-01
7.861736813396920098e-01
7.904225339878419021e-01
7.942647226562500329e-01
7.977396043198403675e-01
8.008843239956910942e-01
8.037338147430408419e-01
8.063207976632891238e-01
8.086757819000007785e-01
8.108270646388913150e-01
8.128007311078386810e-01
8.146206545768897023e-01
8.163084963582409870e-01
8.178837058062493615e-01
8.193635203174411963e-01
8.207629653304902018e-01
8.220948543262402985e-01
8.233697888276907406e-01
8.245961584000001121e-01
8.257801406504905462e-01
8.269257012286397313e-01
8.280345938260904592e-01
8.291063601766408553e-01
8.301383300562507062e-01
8.311256212830400170e-01
8.320611397172898993e-01
8.329355792614401288e-01
8.337374218600904774e-01
8.344529375000003801e-01
8.350661842100901566e-01
8.355590080614394566e-01
8.359110431672901464e-01
8.360997116830404252e-01
8.361002238062503755e-01
8.358855777766405204e-01
8.354265598760903799e-01
8.346917444286403587e-01
8.336474938004901913e-01
8.322579584000003861e-01
8.304850766776898929e-01
8.282885751262403229e-01
8.256259682804902855e-01
8.224525587174402741e-01
8.187214370562503341e-01
8.143834819582399520e-01
8.093873601268903872e-01
8.036795263078402307e-01
7.972042232888901792e-01
7.899034819000002594e-01
7.817171210132899395e-01
7.725827475430403490e-01
7.624357564456900604e-01
7.512093307198400849e-01
7.388344414062502086e-01
