8.241051926450400078e-01
8.284316679270398165e-01
8.323368897754401807e-01
8.358471094118400391e-01
8.389878437499999064e-01
8.417838753958404308e-01
8.442592526474399506e-01
8.464372894950400461e-01
8.483405656210400991e-01
8.499909264000000686e-01
8.514094828986401575e-01
8.526166118758398138e-01
8.536319557826398396e-01
8.544744227622400601e-01
8.551621866500001001e-01
8.557126869734401620e-01
8.561426289522400257e-01
8.564679834982401596e-01
8.567039872154401658e-01
8.568651424000002237e-01
8.569652170402400904e-01
8.570172448166399892e-01
8.570335251018398326e-01
8.570256229606401099e-01
8.570043691500000005e-01
8.569798601190401488e-01
8.569614580090401112e-01
8.569577906534402434e-01
8.569767515778401457e-01
8.570255000000001067e-01
8.571104608298399929e-01
8.572373246694400262e-01
8.574110478130398949e-01
8.576358522470400869e-01
8.579152256500001128e-01
8.582519213926400603e-01
8.586479585378400392e-01
8.591046218406399593e-01
8.596224617482399744e-01
8.602012943999998162e-01
8.608402016274401269e-01
8.615375309542399052e-01
8.622908955962400590e-01
8.630971744614399643e-01
8.639525121500001292e-01
8.648523189542399736e-01
8.657912708586399386e-01
8.667633095398399323e-01
8.677616423666397738e-01
8.687787424000000813e-01
8.698063483930400519e-01
8.708354647910399038e-01
8.718563617314398773e-01
8.728585750438399016e-01
8.738309062500000390e-01
