6.593075937252708130e-01
6.659640216235187538e-01
6.729593171884697966e-01
6.802781564339199782e-01
6.879036210937510276e-01
6.958171986219219285e-01
7.039987821924711398e-01
7.124266706995223686e-01
7.210775687572683612e-01
7.299265866999986585e-01
7.389472405820709522e-01
7.481114521779193005e-01
7.573895489820701155e-01
7.667502642091206244e-01
7.761607367937499724e-01
7.855865113907205544e-01
7.949915383748704656e-01
8.043381738411209403e-01
8.135871796044720217e-01
8.226977231999986762e-01
8.316273778828693342e-01
8.403321226283194667e-01
8.487663421316694601e-01
8.568828268083208410e-01
8.646327727937507257e-01
8.719657819435210344e-01
8.788298618332684997e-01
8.851714257587190993e-01
8.909352927356699592e-01
8.960646874999997902e-01
9.005012405076702198e-01
9.041849879347190200e-01
9.070543716772696552e-01
9.090462393515191808e-01
9.100958442937494564e-01
9.101368455603198182e-01
9.091013079276701880e-01
9.069197018923200737e-01
9.035209036708697905e-01
8.988321951999993509e-01
8.927792641364697968e-01
8.852862038571199799e-01
8.762755134588706696e-01
8.656680977587207781e-01
8.533832672937495811e-01
8.393387383211199371e-01
8.234506328180701829e-01
8.056334784819202399e-01
7.858002087300703931e-01
7.638621626999994030e-01
7.397290852492700575e-01
7.133091269555202896e-01
6.845088441164703941e-01
6.532331987499199188e-01
6.193855585937501074e-01
