6.336674630775482875e-01
6.406605768088002861e-01
6.479350892455502109e-01
6.554752024448007308e-01
6.632639804687487928e-01
6.712833493848007205e-01
6.795140972655491218e-01
6.879358741887995343e-01
6.965271922375484426e-01
7.052654254999990435e-01
7.141268100695501442e-01
7.230864440447988262e-01
7.321182875295499937e-01
7.411951626327986098e-01
7.502887534687494586e-01
7.593696061568001587e-01
7.684071288215491569e-01
7.773695915927986144e-01
7.862241266055496336e-01
7.949367279999989266e-01
8.034722519215501402e-01
8.117944165207992002e-01
8.198658019535493002e-01
8.276478503808004650e-01
8.351008659687497726e-01
8.421840148887989042e-01
8.488553253175497026e-01
8.550716874367993992e-01
8.607888534335500497e-01
8.659614374999996533e-01
8.705429158335500350e-01
8.744856266367992959e-01
8.777407701175496957e-01
8.802584084887998817e-01
8.819874659687501062e-01
8.828757287808007836e-01
8.828698451535500480e-01
8.819153253208004140e-01
8.799565415215506725e-01
8.769367279999998877e-01
8.727979810055503940e-01
8.674812587928001362e-01
8.609263816215503295e-01
8.530720317567999089e-01
8.438557534687498585e-01
8.332139530327998811e-01
8.210818987295497307e-01
8.073937208448002112e-01
7.920824116695498462e-01
7.750798254999998749e-01
7.563166786375498107e-01
7.357225493888002177e-01
7.132258780655498231e-01
6.887539669848000701e-01
6.622329804687500099e-01
