6.367753144845095248e-01
6.447125165217600928e-01
6.529063456961110568e-01
6.613313228569605018e-01
6.699615117187502911e-01
6.787705188609588491e-01
6.877314937281095997e-01
6.968171286297600853e-01
7.059996587405082957e-01
7.152508620999991074e-01
7.245420596129099611e-01
7.338441150489591891e-01
7.431274350429097897e-01
7.523619690945595462e-01
7.615172095687492426e-01
7.705621916953594441e-01
7.794654935693100528e-01
7.881952361505586424e-01
7.967190832641095621e-01
8.050042415999993928e-01
8.130174607133098252e-01
8.207250330241588898e-01
8.280927938177085057e-01
8.350861212441604842e-01
8.416699363187499783e-01
8.478087029217599158e-01
8.534664277985093417e-01
8.586066605593595247e-01
8.631924936797102932e-01
8.671865624999997024e-01
8.705510452257096965e-01
8.732476629273592250e-01
8.752376795405094612e-01
8.764819018657596938e-01
8.769406795687497702e-01
8.765739051801597626e-01
8.753410140957099683e-01
8.732009845761599109e-01
8.701123377473095610e-01
8.660331375999998915e-01
8.609209909901098801e-01
8.547330476385599507e-01
8.474260001313095314e-01
8.389560839193597186e-01
8.292790773187495024e-01
8.183503015105596523e-01
8.061246205409098309e-01
7.925564413209597037e-01
7.775997136269097165e-01
7.612079300999997633e-01
7.433341262465096300e-01
7.239308804377603268e-01
7.029503139101100917e-01
6.803440907649599412e-01
6.560634179687498957e-01
