7.973352549075585216e-01
8.018290090185606900e-01
8.057684523071602101e-01
8.092119951897629448e-01
8.122150781250008222e-01
8.148301716137589246e-01
8.171067761991617218e-01
8.190914224665601928e-01
8.208276710435580270e-01
8.223561125999987453e-01
8.237143678479612596e-01
8.249370875417589843e-01
8.260559524779611529e-01
8.270996734953581786e-01
8.280939914749998465e-01
8.290616773401611184e-01
8.300225320563590081e-01
8.309933866313601314e-01
8.319881021151602774e-01
8.330175695999988417e-01
8.340897102203592706e-01
8.352094751529595129e-01
8.363788456167593477e-01
8.375968328729594958e-01
8.388594782250000659e-01
8.401598530185601099e-01
8.414880586415587338e-01
8.428312265241589829e-01
8.441735181387598486e-01
8.454961249999997097e-01
8.467772686647608849e-01
8.479922007321596400e-01
8.491132028435594004e-01
8.501095866825596481e-01
8.509476939750001412e-01
8.515908964889589150e-01
8.519995960347602759e-01
8.521312244649605905e-01
8.519402436743593876e-01
8.513781455999993586e-01
8.503934522211598068e-01
8.489317155593606445e-01
8.469355176783595063e-01
8.443444706841600755e-01
8.410952167250000944e-01
8.371214279913601342e-01
8.323538067159593767e-01
8.267200851737601663e-01
8.201450256819603490e-01
8.125504205999994900e-01
8.038550923295600947e-01
7.939748933145600596e-01
7.828227060411604432e-01
7.703084430377599157e-01
7.563390468749999762e-01
