6.573474250335992197e-01
6.619899392015999862e-01
6.673201116236013863e-01
6.732836987776003035e-01
6.798268125000004325e-01
6.868959199856009556e-01
6.944378437875997623e-01
7.023997618176005542e-01
7.107292073455990788e-01
7.193740690000003379e-01
7.282825907676009347e-01
7.374033719935997322e-01
7.466853673816002956e-01
7.560778869936000124e-01
7.655305962500000838e-01
7.749935159295990861e-01
7.844170221695999645e-01
7.937518464656000416e-01
8.029490756715988997e-01
8.119601520000000461e-01
8.207368730216004771e-01
8.292313916656000039e-01
8.373962162195994763e-01
8.451842103296002273e-01
8.525485929999999657e-01
8.594429385935998811e-01
8.658211768316002033e-01
8.716375927936002022e-01
8.768468269175999641e-01
8.814038750000000588e-01
8.852640881956005403e-01
8.883831730175999475e-01
8.907171913375998562e-01
8.922225603855997722e-01
8.928560527499999067e-01
8.925747963775998439e-01
8.913362745736002068e-01
8.890983260016005474e-01
8.858191446835997906e-01
8.814572800000001207e-01
8.759716366895998751e-01
8.693214748496000954e-01
8.614664099356001969e-01
8.523664127615998565e-01
8.419818095000001223e-01
8.302732816815997507e-01
8.172018661956002017e-01
8.027289552895996438e-01
7.868162965695998379e-01
7.694259930000001413e-01
7.505205029035999509e-01
7.300626399616001461e-01
7.080155732135999802e-01
6.843428270576000783e-01
6.590082812499999942e-01
