8.079541031464698708e-01
8.125631146347196410e-01
8.167080172616700828e-01
8.204154618291200629e-01
8.237114023437500654e-01
8.266210960171198607e-01
8.291691032656702820e-01
8.313792877107200052e-01
8.332748161784698793e-01
8.348781587000000393e-01
8.362110885112703507e-01
8.372946820531198542e-01
8.381493189712699854e-01
8.387946821163199118e-01
8.392497575437499746e-01
8.395328345139203563e-01
8.396615054920697485e-01
8.396526661483199039e-01
8.395225153576699739e-01
8.392865551999999507e-01
8.389595909600701118e-01
8.385557311275200210e-01
8.380883873968699715e-01
8.375702746675199872e-01
8.370134110437502661e-01
8.364291178347199596e-01
8.358280195544700586e-01
8.352200439219201744e-01
8.346144218608700927e-01
8.340196875000001064e-01
8.334436781728701282e-01
8.328935344179200229e-01
8.323756999784700517e-01
8.318959218027199842e-01
8.314592500437499867e-01
8.310700380595202885e-01
8.307319424128700724e-01
8.304479228715199168e-01
8.302202424080701304e-01
8.300504671999999751e-01
8.299394666296699974e-01
8.298874132843199192e-01
8.298937829560700807e-01
8.299573546419201087e-01
8.300762105437500260e-01
8.302477360683199192e-01
8.304686198272700492e-01
8.307348536371200742e-01
8.310417325192700488e-01
8.313838546999998691e-01
8.317551216104699385e-01
8.321487378867200579e-01
8.325572113696700915e-01
8.329723531051200780e-01
8.333852773437501193e-01
