7.880018825953496453e-01
7.927511991335993713e-01
7.970108993773510342e-01
8.008268630016019962e-01
8.042426835937512841e-01
8.072996686536009214e-01
8.100368395933497112e-01
8.124909317375990092e-01
8.146963943233473948e-01
8.166853904999991087e-01
8.184877973293516185e-01
8.201312057855982829e-01
8.216409207553483363e-01
8.230399610375995767e-01
8.243490593437499125e-01
8.255866622976011371e-01
8.267689304353493807e-01
8.279097382055990995e-01
8.290206739693506410e-01
8.301110399999993561e-01
8.311878524833498094e-01
8.322558415175995705e-01
8.333174511133507600e-01
8.343728391936013900e-01
8.354198775937505816e-01
8.364541520616001202e-01
8.374689622573496806e-01
8.384553217536002689e-01
8.394019580353513366e-01
8.402953125000003354e-01
8.411195404573507117e-01
8.418565111295994718e-01
8.424858076513505045e-01
8.429847270696003703e-01
8.433282803437505137e-01
8.434891923456003804e-01
8.434379018593503030e-01
8.431425615816003916e-01
8.425690381213504221e-01
8.416809119999999478e-01
8.404394776513501863e-01
8.388037434216004673e-01
8.367304315693505634e-01
8.341739782655999136e-01
8.310865335937501763e-01
8.274179615496000118e-01
8.231158400413500775e-01
8.181254608896004754e-01
8.123898298273499741e-01
8.058496665000001169e-01
7.984434044653498930e-01
7.901071911936005110e-01
7.807748880673501812e-01
7.703780703816001107e-01
7.588460273437501735e-01
