6.425446077265015710e-01
6.499142079760038548e-01
6.574932689625052618e-01
6.652824229120040123e-01
6.732799140625043144e-01
6.814815986640025969e-01
6.898809449785043846e-01
6.984690332800038703e-01
7.072345558544990141e-01
7.161638170000017567e-01
7.252407330265069341e-01
7.344468322560016027e-01
7.437612550225023433e-01
7.531607536720028584e-01
7.626196925625021716e-01
7.721100480640048502e-01
7.816014085585019089e-01
7.910609744400012300e-01
8.004535581145022505e-01
8.097415840000001808e-01
8.188850885265019919e-01
8.278417201360011024e-01
8.365667392825000270e-01
8.450130184320023830e-01
8.531310420625010105e-01
8.608689066640009546e-01
8.681723207384997032e-01
8.749846047999999543e-01
8.812466913745007346e-01
8.868971250000009521e-01
8.918720622265007281e-01
8.961052716159998432e-01
8.995281337425007351e-01
9.020696411920006152e-01
9.036563985625001294e-01
9.042126224640010257e-01
9.036601415185008257e-01
9.019183963600014842e-01
8.989044396345009513e-01
8.945329360000000563e-01
8.887161621265006195e-01
8.813640066960004571e-01
8.723839704025000419e-01
8.616811659520003941e-01
8.491583180625004168e-01
8.347157634640004487e-01
8.182514508985004875e-01
7.996609411200008566e-01
7.788374068945000950e-01
7.556716329999999537e-01
7.300520162265000668e-01
7.018645653760005043e-01
6.709929012625001077e-01
6.373182567119998199e-01
6.007194765625005761e-01
