7.750070256590793072e-01
7.793611082060794004e-01
7.833662845238800188e-01
7.870447131596800538e-01
7.904177031249999263e-01
7.935057138956800316e-01
7.963283554118800733e-01
7.989043880780796192e-01
8.012517227630792105e-01
8.033874207999993633e-01
8.053276939862800132e-01
8.070879045836792942e-01
8.086825653182797558e-01
8.101253393804798142e-01
8.114290404249995259e-01
8.126056325708802541e-01
8.136662304014797842e-01
8.146210989644796507e-01
8.154796537718795868e-01
8.162504607999994111e-01
8.169412364894800271e-01
8.175588477452797598e-01
8.181093119366795730e-01
8.185977968972797392e-01
8.190286209249998395e-01
8.194052527820798737e-01
8.197303116950795943e-01
8.200055673548798385e-01
8.202319399166799752e-01
8.204094999999997917e-01
8.205374686886799385e-01
8.206142175308797082e-01
8.206372685390799226e-01
8.206032941900798239e-01
8.205081174249998499e-01
8.203467116492798583e-01
8.201132007326799034e-01
8.198008590092800141e-01
8.194021112774799720e-01
8.189085327999997554e-01
8.183108493038796505e-01
8.175989369804799178e-01
8.167618224854800157e-01
8.157876829388800433e-01
8.146638459249998521e-01
8.133767894924797126e-01
8.119121421542797590e-01
8.102546828876798779e-01
8.083883411342799308e-01
8.062961967999998647e-01
8.039604802550797125e-01
8.013625723340799256e-01
7.984830043358799312e-01
7.953014580236799080e-01
7.917967656249998987e-01
