6.498918820753578629e-01
6.542335916393549056e-01
6.585524569069614031e-01
6.628959866905645981e-01
6.673070000000009827e-01
6.718236260425616280e-01
6.764793042229602094e-01
6.813027841433596521e-01
6.863181256033552557e-01
6.915446986000004514e-01
6.969971833277632811e-01
7.026855701785565955e-01
7.086151597417611470e-01
7.147865628041594199e-01
7.211957003499973595e-01
7.278338035609617229e-01
7.346874138161609835e-01
7.417383826921568613e-01
7.489638719629607699e-01
7.563363536000005105e-01
7.638236097721589068e-01
7.713887328457591508e-01
7.789901253845594731e-01
7.865815001497611370e-01
7.941118801000013327e-01
8.015255983913591731e-01
8.087622983773599117e-01
8.157569336089602885e-01
8.224397678345609641e-01
8.287363750000005247e-01
8.345676392485605888e-01
8.398497549209584800e-01
8.444942265553607719e-01
8.484078688873609719e-01
8.514928068500001723e-01
8.536464755737616095e-01
8.547616203865622264e-01
8.547262968137596673e-01
8.534238705781614920e-01
8.507330176000000854e-01
8.465277239969595247e-01
8.406772860841614792e-01
8.330463103741601039e-01
8.234947135769601356e-01
8.118777226000000180e-01
7.980458745481593397e-01
7.818450167237601667e-01
7.631163066265602701e-01
7.416962119537592324e-01
7.174165106000002234e-01
6.901042906573597868e-01
6.595819504153606072e-01
6.256671983609599641e-01
5.881730531785605010e-01
5.469078437500002332e-01
