7.958620497065305166e-01
8.002707652372796909e-01
8.042652331233293150e-01
8.078599244748795316e-01
8.110696757812496660e-01
8.139096889108803357e-01
8.163955311113296753e-01
8.185431350092802205e-01
8.203687986105308028e-01
8.218891853000007686e-01
8.231213238417299793e-01
8.240826083788803658e-01
8.247907984337301546e-01
8.252640189076797528e-01
8.255207600812499713e-01
8.255798776140796935e-01
8.254605925449302051e-01
8.251824912916800869e-01
8.247655256513298783e-01
8.242300128000001891e-01
8.235966352929302570e-01
8.228864410644802785e-01
8.221208434281301880e-01
8.213216210764795466e-01
8.205109180812497627e-01
8.197112438932796508e-01
8.189454733425299837e-01
8.182368466380799399e-01
8.176089693681296566e-01
8.170858124999998973e-01
8.166917123801299416e-01
8.164513707340800286e-01
8.163898546665299127e-01
8.165325966612797526e-01
8.169053945812498885e-01
8.175344116684798434e-01
8.184461765441298775e-01
8.196675832084797664e-01
8.212258910409299117e-01
8.231487247999998980e-01
8.254640746233298243e-01
8.282002960276797499e-01
8.313861099089300266e-01
8.350506025420800782e-01
8.392232255812501762e-01
8.439337960596798860e-01
8.492124963897298429e-01
8.550898743628798648e-01
8.615968431497299518e-01
8.687646812999999524e-01
8.766250327425301192e-01
8.852099067852796654e-01
8.945516781153296515e-01
9.046830867988799874e-01
9.156372382812497657e-01
