7.864228820009726562e-01
7.916454825067189560e-01
7.962549052261707061e-01
8.003226261811233755e-01
8.039161289062510818e-01
8.070989044491190256e-01
8.099304513701710562e-01
8.124662757427207893e-01
8.147578911529675949e-01
8.168528186999983731e-01
8.187945869957711231e-01
8.206227321651193840e-01
8.223727978457704424e-01
8.240763351883186871e-01
8.257609028562482578e-01
8.274500670259210544e-01
8.291634013865700759e-01
8.309164871403194041e-01
8.327209130021722139e-01
8.345842752000005582e-01
8.365101774745711261e-01
8.384982310795205951e-01
8.405440547813709529e-01
8.426392748595206150e-01
8.447715251062510866e-01
8.469244468267216330e-01
8.490776888389703903e-01
8.512069074739203600e-01
8.532837665753714163e-01
8.552759375000007491e-01
8.571470991173710807e-01
8.588569378099196738e-01
8.603611474729701003e-01
8.616114295147202506e-01
8.625554928562498835e-01
8.631370539315202928e-01
8.632958366873710876e-01
8.629675725835209699e-01
8.620840005925711758e-01
8.605728672000005908e-01
8.583579264041700796e-01
8.553589397163208208e-01
8.514916761605699769e-01
8.466679122739202423e-01
8.407954321062498515e-01
8.337780272203202392e-01
8.255154966917697124e-01
8.159036471091200005e-01
8.048342925737701492e-01
7.921952547000004063e-01
7.778703626149695571e-01
7.617394529587196983e-01
7.436783698841705759e-01
7.235589650571202514e-01
7.012490976562502087e-01
