6.489128140760200836e-01
6.546094520452783172e-01
6.601924073208298438e-01
6.657212460108814511e-01
6.712500117187545357e-01
6.768272255428806616e-01
6.824958860768326474e-01
6.882934694092757155e-01
6.942519291240278889e-01
7.003976962999978184e-01
7.067516795112318562e-01
7.133292648268740876e-01
7.201403158112276159e-01
7.271891735236790666e-01
7.344746565187492138e-01
7.419900608460814340e-01
7.497231600504283833e-01
7.576562051716755342e-01
7.657659247448287410e-01
7.740235247999991408e-01
7.823946888624289109e-01
7.908395779524801661e-01
7.993128305856260774e-01
8.077635627724797374e-01
8.161353680187488635e-01
8.243663173252773202e-01
8.323889591880280214e-01
8.401303195980802663e-01
8.475119020416306270e-01
8.544496874999996106e-01
8.608541344496296599e-01
8.666301788620771607e-01
8.716772342040295385e-01
8.758891914372792797e-01
8.791544190187494667e-01
8.813557629004805660e-01
8.823705465296310946e-01
8.820705708484802843e-01
8.803221142944301914e-01
8.769859327999992571e-01
8.719172597928299684e-01
8.649658061956804200e-01
8.559757604264288666e-01
8.447857883980790517e-01
8.312290335187496604e-01
8.151331166916784277e-01
7.963201363152296874e-01
7.746066682828792738e-01
7.498037659832285096e-01
7.217169602999996547e-01
6.901462596120296888e-01
6.548861497932798592e-01
6.157255942128291304e-01
5.724480337348800685e-01
5.248313867187497372e-01
