6.469202486340890346e-01
6.531541407598413507e-01
6.596219594724930246e-01
6.663232565606449498e-01
6.732553789062518668e-01
6.804134684846410153e-01
6.877904623644925941e-01
6.953770927078419817e-01
7.031618867700899500e-01
7.111311668999995561e-01
7.192690505396930334e-01
7.275574502246393571e-01
7.359760735836906598e-01
7.445024233390413748e-01
7.531117973062504412e-01
7.617772883942437456e-01
7.704697846052925847e-01
7.791579690350418641e-01
7.878083198724916691e-01
7.963851104000012615e-01
8.048504089932919658e-01
8.131640791214411745e-01
8.212837793468910075e-01
8.291649633254423168e-01
8.367608798062529107e-01
8.440225726318427713e-01
8.508988807380918340e-01
8.573364381542417645e-01
8.632796740028926274e-01
8.686708125000014435e-01
8.734498729548912932e-01
8.775546697702416576e-01
8.809208124420901953e-01
8.834817055598415125e-01
8.851685488062515095e-01
8.859103369574414799e-01
8.856338598828915609e-01
8.842637025454415101e-01
8.817222450012907053e-01
8.779296624000009208e-01
8.728039249844908865e-01
8.662607980910415062e-01
8.582138421492908620e-01
8.485744126822406530e-01
8.372516603062503115e-01
8.241525307310403337e-01
8.091817647596908358e-01
7.922418982886411110e-01
7.732332623076908495e-01
7.520539829000003618e-01
7.285999812420903554e-01
7.027649736038408257e-01
6.744404713484910552e-01
6.435157809326400580e-01
6.098780039062501324e-01
