8.229515304633192585e-01
8.278174813203182936e-01
8.321996688945230147e-01
8.361469612467207213e-01
8.397056093749997174e-01
8.429192472147213344e-01
8.458288916385208189e-01
8.484729424563202116e-01
8.508871824153190211e-01
8.531047771999999974e-01
8.551562754321215820e-01
8.570696086707196848e-01
8.588700914121205621e-01
8.605804210899208329e-01
8.622206780749988031e-01
8.638083256755226813e-01
8.653582101369208246e-01
8.668825606419197083e-01
8.683909893105210553e-01
8.698904911999996159e-01
8.713854443049213749e-01
8.728776095571197935e-01
8.743661308257191234e-01
8.758475349171208624e-01
8.773157315749999796e-01
8.787620134803211247e-01
8.801750562513194209e-01
8.815409184435194501e-01
8.828430415497208195e-01
8.840622500000001605e-01
8.851767511617204542e-01
8.861621353395201517e-01
8.869913757753202788e-01
8.876348286483206618e-01
8.880602330750002604e-01
8.882327111091203875e-01
8.881147677417198238e-01
8.876662909011203695e-01
8.868445514529200713e-01
8.856042032000002173e-01
8.838972828825195638e-01
8.816732101779199970e-01
8.788787877009202054e-01
8.754582010035200090e-01
8.713530185749998047e-01
8.665021918419198999e-01
8.608420551681201793e-01
8.543063258547205496e-01
8.468261041401197176e-01
8.383298731999998532e-01
8.287434991473199286e-01
8.179902310323202697e-01
8.059907008425204467e-01
7.926629235027197184e-01
7.779222968750000300e-01
