7.926806657129799039e-01
7.964453327244801484e-01
7.999435650477799697e-01
8.031919212620801662e-01
8.062066953125001101e-01
8.090039165100801899e-01
8.115993495317800344e-01
8.140084944204801776e-01
8.162465865849801716e-01
8.183285968000000299e-01
8.202692312061800051e-01
8.220829313100800340e-01
8.237838739841800706e-01
8.253859714668799752e-01
8.269028713624999583e-01
8.283479566412801365e-01
8.297343456393799777e-01
8.310748920588799660e-01
8.323821849677800477e-01
8.336685487999999644e-01
8.349460433553801408e-01
8.362264637996801309e-01
8.375213406645800607e-01
8.388419398476800737e-01
8.401992626125001085e-01
8.416040455884800098e-01
8.430667607709800837e-01
8.445976155212800984e-01
8.462065525665801724e-01
8.479032500000001082e-01
8.496971212805800588e-01
8.515973152332800833e-01
8.536127160489800358e-01
8.557519432844800100e-01
8.580233518625000055e-01
8.604350320716801503e-01
8.629948095665801455e-01
8.657102453676800424e-01
8.685886358613799096e-01
8.716370128000000550e-01
8.748621433017800264e-01
8.782705298508799441e-01
8.818684102973800565e-01
8.856617578572800742e-01
8.896562811125000581e-01
8.938574240108800861e-01
8.982703658661801427e-01
9.029000213580800072e-01
9.077510405321801423e-01
9.128278087999999180e-01
9.181344469389800533e-01
9.236748110924800637e-01
9.294524927697801475e-01
9.354708188460799656e-01
9.417328515625001950e-01
