7.966607128058393883e-01
8.012590795878398175e-01
8.054026630242399065e-01
8.091289136486401468e-01
8.124736562499998982e-01
8.154710898726400536e-01
8.181537878162401523e-01
8.205526976358403779e-01
8.226971411418395608e-01
8.246148143999996183e-01
8.263317877314404480e-01
8.278725057126392617e-01
8.292597871754399108e-01
8.305148252070397863e-01
8.316571871499995883e-01
8.327048146022404396e-01
8.336740234170394448e-01
8.345795037030390162e-01
8.354343198242396573e-01
8.362499103999990746e-01
8.370360883050399492e-01
8.378010406694393897e-01
8.385513288786392572e-01
8.392918885734401702e-01
8.400260296499999502e-01
8.407554362598399500e-01
8.414801668098396137e-01
8.421986539622396961e-01
8.429077046346400426e-01
8.436025000000000329e-01
8.442765954866399136e-01
8.449219207782397989e-01
8.455287798138400035e-01
8.460858507878404877e-01
8.465801861500004133e-01
8.469972126054402528e-01
8.473207311146401244e-01
8.475329168934400137e-01
8.476143194130398850e-01
8.475438624000000143e-01
8.472988438362401009e-01
8.468549359590399339e-01
8.461861852610400581e-01
8.452650124902401085e-01
8.440622126500000322e-01
8.425469549990398654e-01
8.406867830514399564e-01
8.384476145766399657e-01
8.357937415994396435e-01
8.326878303999997177e-01
8.290909215138397848e-01
8.249624297318400856e-01
8.202601441002399518e-01
8.149402279206399147e-01
8.089572187500000400e-01
