1 201 1 20 1.051578707 0.09683 84.13 0.995 51.84 0.000493827 1.74 0 0 0 0
1 201 2 20 1.048680467 0.09683 84.13 0.989 52.33 0.000489203 1.57 0 0 0 0
1 201 3 20 1.050622500 0.09683 84.13 0.992 51.73 0.000494877 2.11 0 0 0 0
1 201 4 20 1.050477061 0.09683 84.13 0.960 51.40 0.000498054 0.75 0 0 0 0
1 201 5 20 1.051039818 0.09683 84.13 0.986 52.11 0.000491268 0.71 0 0 0 0
1 201 6 20 1.052289535 0.09683 84.13 0.973 43.64 0.000586618 1.37 0 0 0 0
1 201 7 20 1.051578707 0.09683 84.13 0.993 47.47 0.000539288 1.68 0 0 0 0
1 201 8 20 1.052079495 0.09683 84.13 0.985 48.18 0.000531341 0.67 0 0 0 0
1 201 9 20 1.050829222 0.09683 84.13 0.980 49.44 0.000517799 1.01 0 0 0 0
1 201 10 20 1.050578505 0.09683 84.13 0.995 47.95 0.000533889 1.74 0 0 0 0
1 201 11 20 1.051455643 0.09683 84.13 0.986 52.54 0.000487248 1.59 0 0 0 0
1 201 12 20 1.051664266 0.09683 84.13 0.992 50.83 0.00050364 0.95 0 0 0 0
1 201 13 20 1.051664266 0.09683 84.13 0.987 54.73 0.000467751 1.46 0 0 0 0
1 201 14 20 1.051247494 0.09683 84.13 0.983 53.74 0.000476368 0.9 0 0 0 0
1 201 15 20 1.05022395 0.09683 84.13 0.975 46.11 0.000555194 2.46 0 0 0 0
1 201 16 20 1.05062250 0.09683 84.13 0.992 51.73 0.000494877 2.11 0 0 0 0
1 202 1 20 1.050602192 0.09683 84.13 0.990 48.04 0.000532889 3.09 0 0 0 0
1 202 2 20 1.051455643 0.09683 84.13 0.984 51.43 0.000497764 0.83 0 0 0 0
1 202 3 20 1.051517154 0.09683 84.13 0.985 53.00 0.000483019 1.79 0 0 0 0
1 202 4 20 1.051664266 0.09683 84.13 0.987 50.72 0.000504732 0.98 0 0 0 0
1 202 5 20 1.051349803 0.09683 84.13 0.978 56.09 0.000456409 2.21 0 0 0 0
1 202 6 20 1.051039818 0.09683 84.13 0.997 48.71 0.000525559 3.85 0 0 0 0
1 202 7 20 1.050517625 0.09683 84.13 0.991 47.85 0.000535005 1.99 0 0 0 0
1 202 8 20 1.051039818 0.09683 84.13 0.978 47.65 0.000537251 0.58 0 0 0 0
1 202 9 20 1.051873363 0.09683 84.13 0.995 48.21 0.00053101 0.63 0 0 0 0
1 202 10 20 1.052079495 0.09683 84.13 0.990 47.77 0.000535901 0.6 0 0 0 0
1 202 11 20 1.051455643 0.09683 84.13 0.975 50.61 0.000505829 1.74 0 0 0 0
1 202 12 20 1.052079495 0.09683 84.13 0.995 45.65 0.000560789 1.26 0 0 0 0
1 202 13 20 1.051664266 0.09683 84.13 0.984 43.20 0.000592593 1.16 0 0 0 0
1 202 14 20 1.051308865 0.09683 84.13 0.974 51.79 0.000494304 2.3 0 0 0 0
1 202 15 20 1.051873363 0.09683 84.13 0.969 43.03 0.000594934 3.44 0 0 0 0
1 202 16 20 1.050308241 0.09683 84.13 0.976 43.25 0.000591908 1.45 0 0 0 0
1 202 17 20 1.051602655 0.09683 84.13 0.976 43.05 0.000594657 0.55 0 0 0 0
1 202 18 20 1.050203732 0.09683 84.13 0.983 51.05 0.000501469 1.37 0 0 0 0
1 202 19 20 1.050829222 0.09683 84.13 0.990 48.93 0.000523196 1.25 0 0 0 0
1 202 20 20 1.050663129 0.09683 84.13 0.968 45.96 0.000557006 1.35 0 0 0 0
1 202 21 20 1.050642812 0.09683 84.13 0.969 45.51 0.000562514 1.47 0 0 0 0
1 202 22 20 1.050829222 0.09683 84.13 0.984 46.26 0.000553394 3.08 0 0 0 0
1 203 1 30 1.051455643 0.09683 84.13 0.986 47.41 0.00053997 0.63 0 0 0 0
1 203 2 30 1.052244732 0.09683 84.13 0.977 43.72 0.000585544 1.74 0 0 0 0
1 203 3 30 1.051746477 0.09683 84.13 0.981 44.32 0.000577617 1.94 0 0 0 0
1 203 4 30 1.051517154 0.09683 84.13 0.985 49.16 0.000520749 1.74 0 0 0 0
1 203 5 30 1.051349803 0.09683 84.13 0.976 50.55 0.000506429 1.66 0 0 0 0
1 203 6 30 1.051247494 0.09683 84.13 0.976 51.18 0.000500195 1.47 0 0 0 0
1 203 7 30 1.051955761 0.09683 84.13 0.973 48.22 0.00053090 1.16 0 0 0 0
1 203 8 30 1.051643724 0.09683 84.13 0.976 49.02 0.000522236 1.46 0 0 0 0
1 203 9 30 1.051267946 0.09683 84.13 0.980 51.75 0.000494686 1.26 0 0 0 0
1 203 10 30 1.050223950 0.09683 84.13 0.977 45.12 0.000567376 1.11 0 0 0 0
1 203 11 30 1.051828761 0.09683 84.13 0.990 52.53 0.000487341 1.64 0 0 0 0
1 203 12 30 1.049245284 0.09683 84.13 0.981 51.16 0.000500391 1.41 0 0 0 0
1 203 13 30 1.050288004 0.09683 84.13 0.972 50.70 0.000504931 0.65 0 0 0 0
1 203 14 30 1.049348672 0.09683 84.13 0.978 52.51 0.000487526 1.67 0 0 0 0
1 203 15 30 1.050934459 0.09683 84.13 0.966 49.62 0.000515921 1.41 0 0 0 0
1 203 16 30 1.050808868 0.09683 84.13 0.983 45.33 0.000564747 1.44 0 0 0 0
1 203 17 30 1.050622500 0.09683 84.13 0.979 53.13 0.000481837 1.99 0 0 0 0
1 203 18 30 1.049515683 0.09683 84.13 0.984 51.78 0.000494399 1.48 0 0 0 0
1 203 19 30 1.048554711 0.09683 84.13 0.962 52.05 0.000491835 0.98 0 0 0 0
1 203 20 30 1.050873339 0.09683 84.13 0.980 50.01 0.000511898 1.59 0 0 0 0
1 203 21 30 1.048429137 0.09683 84.13 0.964 51.08 0.000501175 1.88 0 0 0 0
1 203 22 30 1.049495625 0.09683 84.13 0.960 44.13 0.000580104 1.26 0 0 0 0
1 203 23 30 1.049015595 0.09683 84.13 0.963 44.92 0.000569902 1.34 0 0 0 0
1 203 24 30 1.047971344 0.09683 84.13 0.978 52.23 0.00049014 1.95 0 0 0 0
1 203 25 30 1.049432138 0.09683 84.13 0.992 46.79 0.000547125 1.56 0 0 0 0
1 203 26 30 1.050808868 0.09683 84.13 0.960 46.77 0.000547359 1.18 0 0 0 0
1 203 27 30 1.048158779 0.09683 84.13 0.969 53.73 0.000476456 1.42 0 0 0 0
1 203 28 30 1.051182757 0.09683 84.13 0.974 45.22 0.000566121 2 0 0 0 0
1 203 29 30 1.048534871 0.09683 84.13 0.975 47.43 0.000539743 1.11 0 0 0 0
1 203 30 30 1.049830519 0.09683 84.13 0.962 47.75 0.000536126 1.71 0 0 0 0
1 203 31 30 1.047784317 0.09683 84.13 0.959 49.32 0.000519059 0.99 0 0 0 0
1 203 32 30 1.050829222 0.09683 84.13 0.980 46.39 0.000551843 0.86 0 0 0 0
1 204 1 30 1.050392612 0.09683 84.13 0.983 44.27 0.00057827 0.94 0 0 0 0
1 204 2 30 1.052224061 0.09683 84.13 0.961 48.07 0.000532557 2 0 0 0 0
1 204 3 30 1.051767041 0.09683 84.13 0.981 54.21 0.000472238 1.45 0 0 0 0
1 204 4 30 1.051435148 0.09683 84.13 0.982 52.55 0.000487155 1.08 0 0 0 0
1 204 5 30 1.051435148 0.09683 84.13 0.976 55.43 0.000461844 1.4 0 0 0 0
1 204 6 30 1.051267946 0.09683 84.13 0.972 50.56 0.000506329 1.5 0 0 0 0
1 204 7 30 1.051849344 0.09683 84.13 0.969 51.37 0.000498345 1.75 0 0 0 0
1 204 8 30 1.051643724 0.09683 84.13 0.986 50.20 0.00050996 1.67 0 0 0 0
1 204 9 30 1.051267946 0.09683 84.13 0.970 48.93 0.000523196 1.14 0 0 0 0
1 204 10 30 1.051808183 0.09683 84.13 0.974 45.63 0.000561034 1.43 0 0 0 0
1 204 11 30 1.052038232 0.09683 84.13 0.976 47.55 0.000538381 1.79 0 0 0 0
1 204 12 30 1.049245284 0.09683 84.13 0.983 51.71 0.000495069 1.41 0 0 0 0
1 204 13 30 1.050038788 0.09683 84.13 0.975 51.18 0.000500195 0.79 0 0 0 0
1 204 14 30 1.049392065 0.09683 84.13 0.978 53.90 0.000474954 1.44 0 0 0 0
1 204 15 30 1.050934459 0.09683 84.13 0.972 52.08 0.000491551 1.7 0 0 0 0
1 204 16 30 1.050602192 0.09683 84.13 0.951 50.41 0.000507836 1.38 0 0 0 0
1 204 17 30 1.050328483 0.09683 84.13 0.968 51.25 0.000499512 1.33 0 0 0 0
1 204 18 30 1.049662914 0.09683 84.13 0.967 52.19 0.000490515 1.39 0 0 0 0
1 204 19 30 1.048763300 0.09683 84.13 0.979 55.50 0.000461261 1.56 0 0 0 0
1 204 20 30 1.051394172 0.09683 84.13 0.986 56.06 0.000456654 1.01 0 0 0 0
1 204 21 30 1.051329332 0.09683 84.13 0.960 53.56 0.000477969 1.29 0 0 0 0
1 204 22 30 1.049495625 0.09683 84.13 0.951 43.90 0.000583144 1.32 0 0 0 0
1 204 23 30 1.049181976 0.09683 84.13 0.981 52.23 0.00049014 1.98 0 0 0 0
1 204 24 30 1.047991055 0.09683 84.13 0.981 53.42 0.000479221 1.43 0 0 0 0
1 204 25 30 1.049495625 0.09683 84.13 0.973 52.65 0.00048623 1.26 0 0 0 0
1 204 26 30 1.050893708 0.09683 84.13 0.976 48.38 0.000529144 1.89 0 0 0 0
1 204 27 30 1.048429137 0.09683 84.13 0.976 53.46 0.000478863 1.43 0 0 0 0
1 204 28 30 1.051039818 0.09683 84.13 0.992 47.69 0.00053680 1.88 0 0 0 0
1 204 29 30 1.048491901 0.09683 84.13 0.979 53.28 0.00048048 0.79 0 0 0 0
1 204 30 30 1.050183519 0.09683 84.13 0.978 43.00 0.000595349 1.94 0 0 0 0
1 204 31 30 1.047908957 0.09683 84.13 0.970 51.16 0.000500391 1.51 0 0 0 0
1 204 32 30 1.049475572 0.09683 84.13 0.967 47.52 0.000538721 1.87 0 0 0 0
