1.9074494 0.8331038
1.9372533 0.8309071
1.9680033 0.8279127
1.9997453 0.8280742
2.032528 0.8322623
2.0664035 0.837572
2.1014273 0.8396875
2.1376588 0.8481834
2.1751616 0.8660284
2.2140038 0.8611336
2.2542584 0.8566167
2.2960039 0.8667431
2.3393247 0.86955
2.3843117 0.8722481
2.431063 0.8728122
2.4796842 0.8771635
2.53029 0.879907
2.5830044 0.879761
2.6379619 0.8831943
2.6953089 0.8894673
2.7552047 0.8984234
2.817823 0.9009531
2.8833537 0.8910166
2.952005 0.8887382
3.0240051 0.8869093
3.0996053 0.8941976
3.1790823 0.8948479
3.2627424 0.8877356
3.3509246 0.9026919
3.4440059 0.8999685
3.542406 0.9101617
3.6465944 0.8983005
3.7570973 0.8991694
3.8745066 0.8990987
3.9994907 0.9000493
4.132807 0.9065833
4.2753176 0.9028855
4.4280075 0.8985184
4.5920078 0.9009736
4.7686235 0.9086968
4.9593684 0.9015145
5.1660088 0.8914838
5.3906179 0.8816829
5.6356459 0.8666895
5.90401 0.84524
6.1992105 0.829365
6.5254848 0.8095238
6.8880107 0.7857142
7.2931878 0.7579365
