    0.242858180867690E-04    0.120256609043317E-04   -0.193888306819602E-05    0.143937307583320E-02   -0.967456019468460E-02
    0.235848439997479E-04    0.118862589566847E-04   -0.318823945825585E-05    0.218652199262602E-02   -0.955317779765067E-02
    0.265543698664242E-04    0.131122232762509E-04   -0.177946295799193E-05    0.207257312799822E-03   -0.103331492410354E-01
    0.271106608708834E-04    0.134486123380490E-04   -0.236106426250463E-05    0.206258685237341E-03   -0.105184464099995E-01
    0.279588134261884E-04    0.138768140827299E-04   -0.249241429762172E-05   -0.261909411615739E-03   -0.107484049386994E-01
    0.287379544883401E-04    0.143080574539219E-04   -0.288064301214181E-05   -0.513579571895105E-03   -0.109724586877086E-01
    0.292973332824189E-04    0.146792829646862E-04   -0.350651560882231E-05   -0.527941682031862E-03   -0.111599825059231E-01
    0.297665306009534E-04    0.150143313548056E-04   -0.408617357778997E-05   -0.539132357386322E-03   -0.113241490316690E-01
    0.298221483600165E-04    0.151855596912771E-04   -0.474072896851628E-05   -0.440275663250013E-03   -0.113907989247945E-01
    0.296949587473421E-04    0.153210355418594E-04   -0.549379072877072E-05   -0.213718450220163E-03   -0.114364090520411E-01
    0.284676488157985E-04    0.151027851509704E-04   -0.657329744100552E-05    0.593005965614672E-03   -0.112873685334659E-01
    0.327566668698569E-04    0.185181913402092E-04   -0.606918959056976E-05   -0.872141367685691E-03   -0.134081752775480E-01
    0.317372854524520E-04    0.183803793375850E-04   -0.710428888174919E-05   -0.153710201440579E-03   -0.133013786934586E-01
    0.361306557572958E-04    0.221997479356960E-04   -0.723929964446975E-05   -0.132735271011093E-02   -0.156772927241477E-01
    0.375729704604961E-04    0.234900248625864E-04   -0.847246064550932E-05   -0.118010074612152E-02   -0.163523240114122E-01
    0.390696283109329E-04    0.249043692626885E-04   -0.978901749120097E-05   -0.103149860225915E-02   -0.170810981162365E-01
    0.404098187428207E-04    0.263349524107112E-04   -0.111631229463935E-04   -0.889896078955343E-03   -0.177939006333854E-01
    0.431000692900999E-04    0.285218110002916E-04   -0.126125818968345E-04   -0.104899326750078E-02   -0.189174419413588E-01
    0.488778394363478E-07    0.254490518411529E-05    0.135592526713768E-05   -0.846683145642914E-03   -0.319064418778624E-02
    0.107452961469618E-06    0.256079847848921E-05    0.195542481894448E-05   -0.121245002777412E-02   -0.320070062240233E-02
   -0.224559317359730E-07    0.257849161087948E-05    0.143499709910570E-05   -0.882025716358674E-03   -0.321184509949981E-02
   -0.231447083129532E-07    0.259004872852219E-05    0.143820287945765E-05   -0.878504499003811E-03   -0.321920822440944E-02
   -0.104992218016588E-06    0.261824329107326E-05    0.105956848144502E-05   -0.637179279328277E-03   -0.323686000063380E-02
   -0.139274256677869E-06    0.264767497983761E-05    0.868621547296830E-06   -0.513129085550330E-03   -0.325523533565816E-02
   -0.109852471761627E-06    0.266306983187479E-05    0.105676105531376E-05   -0.623249317207157E-03   -0.326499053004983E-02
   -0.122046270796262E-06    0.267611065100334E-05    0.994658925329126E-06   -0.580768325080213E-03   -0.327327200891588E-02
   -0.155403940330119E-06    0.272518281529802E-05    0.794604659498066E-06   -0.451425508022078E-03   -0.330345018443659E-02
   -0.106815548973889E-06    0.271760104053501E-05    0.112217072462127E-05   -0.646587147980644E-03   -0.329930837506288E-02
   -0.936636513500139E-07    0.277199642740933E-05    0.977248020789330E-06   -0.557558552608400E-03   -0.333202490497935E-02
   -0.930062910022688E-07    0.277160074924537E-05    0.122528199837585E-05   -0.695781548111688E-03   -0.333273671119993E-02
   -0.841158151519785E-07    0.282686404463462E-05    0.107083686754803E-05   -0.602023294365344E-03   -0.336561301315019E-02
   -0.145608257668900E-06    0.280946173390922E-05    0.130332144240700E-05   -0.717220699544103E-03   -0.335787968882586E-02
   -0.166918779250257E-06    0.286815278216494E-05    0.122621990792054E-05   -0.658878592128344E-03   -0.339364743224686E-02
   -0.143161392680354E-06    0.288387376808100E-05    0.137356686630230E-05   -0.737205835919344E-03   -0.340409459925019E-02
   -0.147140492015168E-06    0.292892950765784E-05    0.138596023010527E-05   -0.732203637519240E-03   -0.343180309473806E-02
   -0.148974098642710E-06    0.298148548495057E-05    0.140831387953537E-05   -0.732733402939096E-03   -0.346358960822548E-02
  1   11.470  634.684   17.360  650.844    8.660    5.500   13.920   30.800
  2   19.530  631.241   25.420  647.401    8.660    5.500   13.920   30.370
  3   27.660  628.699   33.540  644.859    8.660    5.500   13.920   30.080
  4   35.720  625.994   41.610  642.154    8.660    5.500   13.920   29.770
  5   43.720  623.203   49.600  639.363    8.660    5.500   13.920   29.430
  6   51.620  620.238   57.510  636.408    8.660    5.500   13.920   29.080
  7   59.450  616.620   65.340  632.780    8.660    5.500   13.920   28.690
  8   66.600  613.479   72.760  629.359    8.660    5.500   13.920   28.340
  9   73.870  611.222   80.320  627.172    8.660    5.500   13.920   27.960
 10   81.210  608.325   87.930  624.165    8.660    5.500   13.920   27.520
 11   86.070  604.491   95.280  623.361    9.500    5.500   14.630   27.190
 12   93.660  601.185  103.200  619.895    9.500    5.500   14.630   26.630
 13   99.940  597.358  113.550  622.968   11.100    5.500   18.110   25.990
 14  108.110  592.998  122.170  618.358   11.100    5.500   18.110   25.260
 15  116.470  589.282  130.720  613.952   11.100    5.500   18.110   24.470
 16  124.170  584.958  139.100  609.818   11.100    5.500   18.110   23.630
 17  132.720  580.526  147.660  605.386   11.100    5.500   18.110   22.680
 18  140.090  576.152  155.460  600.742   11.100    5.500   18.110   21.740
      2.3950    637.9884      8.5700    682.2754
     10.4570    634.5457     18.2100    678.7457
     18.5790    631.9995     27.9500    676.0435
     26.6460    629.2999     37.4900    673.1839
     34.6410    626.5048     46.8200    670.1669
     42.5450    623.5449     56.1600    666.9059
     50.3750    619.9219     65.2500    663.9780
     57.5830    616.9432     73.4100    661.3222
     64.9160    614.8411     81.8500    659.4431
     72.3130    612.1025     90.3100    657.4205
     76.6560    609.0809     97.8900    655.5569
     84.3310    605.9359    105.8600    653.3979
     89.2710    603.0331     99.7900    654.0482
     97.5410    598.8544    109.7700    653.0314
    105.7550    594.8732    118.7000    647.6312
    113.8120    591.1768    126.8700    642.0568
    122.3650    586.7454    134.4700    636.5773
    129.8500    582.5525    142.2000    630.3425
     27.0210    616.9344     20.5500    631.3804
     34.1170    614.1107     28.6120    627.9376
     41.1890    611.1995     36.7340    625.3915
     48.1560    607.9939     44.8010    622.6919
     55.0870    604.7028     52.7960    619.8969
     61.8580    600.7880     60.7000    616.9370
     68.6090    595.8300     68.5300    613.3140
     75.3320    593.9092     75.6190    610.0192
     82.0210    589.9221     82.8290    607.6041
     88.5860    585.8445     90.0970    604.5535
     95.3750    579.3909     95.4860    599.8969
    102.0180    576.6749    102.9980    596.4249
    108.8810    571.1782    110.6030    591.6912
    116.0200    565.1083    118.6720    587.1414
    123.1240    558.0322    126.6780    582.7933
    129.8050    550.0178    134.5210    578.7338
    136.1860    542.0563    143.0740    574.3023
    142.1910    534.5825    150.3390    569.7495
   8.00   6.75  12.734   7.144   -0.07    1.30   -3.01   43.36    7.76    9.93   21.08
   8.00   6.75  12.734   7.144   -0.07    1.30   -3.01   43.36    7.76    9.93   21.08
   8.00   6.75  12.734   7.144   -0.07    1.30   -3.01   43.36    7.76    9.93   21.08
   8.00   6.75  12.734   7.144   -0.07    1.30   -3.01   43.36    7.76    9.93   21.08
   8.00   6.75  12.734   7.144   -0.07    1.30   -3.01   43.36    7.76    9.93   21.08
   8.00   6.75  12.734   7.144   -0.07    1.30   -3.01   43.36    7.76    9.93   21.08
   8.00   8.00  12.734   7.144   -0.07    1.30   -3.01   43.36    7.76    9.93   21.08
   8.00   8.00  12.734   7.144   -0.07    1.30   -3.01   43.36    7.76    9.93   21.08
   8.00   8.00  12.734   7.144   -0.07    1.30   -3.01   43.36    7.76    9.93   21.08
   9.25   8.00  12.734   7.144   -0.07    1.30   -3.01   43.36    7.76    9.93   21.08
   9.25   8.00  15.661   7.588   -0.13    1.83   -5.17   49.82    8.46   11.46   24.13
   9.25   9.25  15.661   7.588   -0.13    1.83   -5.17   49.82    8.46   11.46   24.13
   9.25   9.25  21.156   8.698   -0.07    2.58   -5.91   58.15    9.85   12.65   27.94
  11.00   9.25  21.156   8.698   -0.07    2.58   -5.91   58.15    9.85   12.65   27.94
  11.00   9.25  21.156   8.698   -0.07    2.58   -5.91   58.15    9.85   12.65   27.94
  11.00   9.25  21.156   8.698   -0.07    2.58   -5.91   58.15    9.85   12.65   27.94
  11.00   9.25  21.156   8.698   -0.07    2.58   -5.91   58.15    9.85   12.65   27.94
  11.00   9.25  21.156   8.698   -0.07    2.58   -5.91   58.15    9.85   12.65   27.94
     1    4.861    5.471   31.097  627.922   30.312  617.793
     2    6.063    6.679   38.378  624.960   37.419  614.845
     3    7.278    7.894   45.571  621.874   44.442  611.777
     4    8.498    9.128   52.752  618.634   51.451  608.558
     5    9.737   10.359   59.787  615.291   58.315  605.239
     6   10.966   11.602   66.748  611.817   65.107  601.790
     7   12.216   12.866   73.694  608.141   71.882  598.144
     8   13.494   14.157   80.608  604.279   78.627  594.315
     9   14.811   15.475   87.415  600.308   85.264  590.377
    10   16.134   16.848   94.312  595.952   91.989  586.061
    11   17.585   18.300  101.225  591.340   98.728  581.492
    12   19.006   19.793  108.212  586.422  105.539  576.619
    13   20.638   21.501  115.411  580.884  112.555  571.133
    14   22.321   23.221  122.748  574.941  119.705  565.248
    15   24.082   24.976  129.816  568.763  126.591  559.128
    16   25.851   26.762  136.567  562.368  133.166  552.795
    17   27.643   28.556  142.921  555.792  139.353  546.280
    18   29.445   30.397  149.021  549.013  145.296  539.561
    19   31.366
