190	0.56	0.68		0.67
200	0.5682	0.707005719	0.693409455
210	0.5578	0.73655914	0.769054396
220	0.5920	0.78498009	0.799355613
230	0.5590	0.812612613	0.826886104
240	0.5661	0.851239669	0.867768595
250	0.6320	0.851983872	0.864605855
260	0.6892	0.864422317	0.876924293
270	0.7465	0.876541856	0.887191039
280	0.7766	0.882940641	0.891504389
290	0.7968	0.897832817	0.912066701
300	0.8090	0.897637795	0.905562099
310	0.8081	0.893587816	0.902988506
320	0.8105	0.895166039	0.901982024
330	0.8033	0.897492429	0.907958813
340	0.7965	0.901162791	0.916456524
350	0.7884	0.896355373	0.90654123
360	0.7690	0.88875		0.904347826
370	0.7660	0.892903042	0.904255319
380	0.7562	0.89673913	0.907608696
390	0.7571	0.88206152	0.904986523
400	0.7438	0.897590361	0.898070811
410	0.7568	0.885135135	0.904484029
420	0.7609	0.885902503	0.898550725
430	0.7612	0.885496183	0.898891899
440	0.7600	0.8850		0.8980
450	0.7600	0.8850		0.8980
460	0.7600	0.8850		0.8980
470	0.7600	0.8850		0.8980
480	0.7600	0.8850		0.8980
490	0.7600	0.8850		0.8980
500	0.7600	0.8850		0.8980
510	0.7600	0.8850		0.8980
520	0.7600	0.8850		0.8980
530	0.7600	0.8850		0.8980
540	0.7600	0.8850		0.8980
550	0.7600	0.8850		0.8980
560	0.7600	0.8850		0.8980
570	0.7600	0.8850		0.8980
580	0.7600	0.8850		0.8980
590	0.7600	0.8850		0.8980
600	0.7600	0.8850		0.8980
610	0.7600	0.8850		0.8980
620	0.7600	0.8850		0.8980
630	0.7600	0.8850		0.8980
640	0.7600	0.8850		0.8980
650	0.7600	0.8850		0.8980


