190.0  0.0000  0.0000  0.1305
200.0  0.0000  0.0050  0.1612
210.0  0.0000  0.0227  0.1836
220.0  0.0000  0.0472  0.1950
230.0  0.0000  0.0701  0.2038
240.0  0.0000  0.0909  0.2093
250.0  0.0000  0.1042  0.2158
260.0  0.0000  0.1197  0.2189
270.0  0.0028  0.1378  0.2223
280.0  0.0270  0.1532  0.2219
290.0  0.0569  0.1642  0.2219
300.0  0.0868  0.1703  0.2240
310.0  0.1220  0.1836  0.2268
320.0  0.1515  0.1976  0.2236
330.0  0.1695  0.2059  0.2288
340.0  0.1860  0.2181  0.2301
350.0  0.2009  0.2236  0.2275
360.0  0.2142  0.2291  0.2291
370.0  0.2229  0.2309  0.2309
380.0  0.2372  0.2372  0.2372
390.0  0.2394  0.2394  0.2394
400.0  0.2418  0.2418  0.2418
410.0  0.2401  0.2401  0.2401
420.0  0.2344  0.2344  0.2344
430.0  0.2249  0.2249  0.2249
440.0  0.2122  0.2122  0.2122
450.0  0.2017  0.2017  0.2017
460.0  0.1892  0.1892  0.1892
470.0  0.1725  0.1725  0.1725
480.0  0.1602  0.1602  0.1602
490.0  0.1435  0.1435  0.1435
500.0  0.1265  0.1265  0.1265
510.0  0.1116  0.1116  0.1116
520.0  0.0916  0.0916  0.0916
530.0  0.0753  0.0753  0.0753
540.0  0.0609  0.0609  0.0609
550.0  0.0482  0.0482  0.0482
560.0  0.0376  0.0376  0.0376
570.0  0.0289  0.0289  0.0289
580.0  0.0216  0.0216  0.0216
590.0  0.0149  0.0149  0.0149
600.0  0.0105  0.0105  0.0105
610.0  0.0065  0.0065  0.0065
620.0  0.0040  0.0040  0.0040
630.0  0.0024  0.0024  0.0024
640.0  0.0014  0.0014  0.0014
650.0  0.0000  0.0000  0.0000
