0.67
0.74
0.70
0.75
0.81
0.86
0.80
0.87
0.69
0.83
0.78
0.77
0.55
0.51
0.77
0.86
0.73
0.77
0.81
0.83
0.84
0.78
0.80
0.83
0.86
0.46
0.80
0.30
0.53
0.68
0.82
0.66
0.75
0.91
0.82
0.58
0.67
0.85
0.64
0.79
0.71
0.69
0.68
0.75
0.84
0.82
0.79
0.56
0.72
0.70
0.48
0.81
0.78
0.78
0.65
0.59
0.65
0.76
0.82
0.65
0.85
0.80
0.78
0.71
0.80
0.77
0.85
0.44
0.73
0.77
0.53
0.86
0.77
0.64
0.83
0.57
0.81
0.81
0.81
0.74
0.67
0.81
0.77
0.52
0.53
0.48
0.63
0.82
0.78
0.68
0.56
0.69
0.72
0.76
0.84
0.81
0.75
0.76
0.75
0.75
0.76
0.71
0.50
0.55
0.48
0.81
0.72
0.68
0.51
0.86
0.85
0.84
0.75
0.78
0.69
0.78
0.76
0.68
0.64
0.65
0.89
0.63
0.82
0.69
0.52
0.53
0.81
0.65
0.73
0.77
0.69
0.78
0.83
0.78
0.72
0.83
0.66
0.68
0.68
0.46
0.64
0.52
0.75
0.79
0.86
0.85
0.73
0.54
0.86
0.82
0.81
0.84
0.82
0.08
0.77
0.60
0.70
0.62
0.65
0.89
0.54
0.73
0.81
0.85
0.81
0.81
0.80
0.84
0.81
0.81
0.84
0.78
0.56
0.90
0.75
0.67
0.68
0.67
0.76
0.55
0.81
0.77
0.82
0.80
0.89
0.79
0.83
0.85
0.84
0.80
0.77
0.65
0.50
0.44
0.67
0.45
0.80
0.62
0.80
0.82
0.79
0.84
0.81
0.57
0.79
0.82
0.86
0.81
0.75
0.80
0.75
0.66
0.42
0.62
0.66
0.84